SIMPLE  = T
BITPIX  = -64
NAXIS   = 2
NAXIS1  = 359
NAXIS2  = 359
CTYPE1  = 'RA---TAN'
CTYPE2  = 'DEC--TAN'
CRVAL1  =   83.818660
CRVAL2  =   -5.389680
CRPIX1  =  180.000000
CRPIX2  =  180.000000
CDELT1  = -0.000278000
CDELT2  = 0.000278000
CROTA2  =    0.000000
EQUINOX = 2000
MAGZP   =   20.904400
END
